0.000000000000000000e+00 0.000000000000000000e+00
4.122861265718408448e-03 4.081216202428322726e-03
8.245722531436816896e-03 8.079142278276475742e-03
1.236858379715522621e-02 1.199377822754446078e-02
1.649144506287363379e-02 1.582512405023227264e-02
2.061430632859204137e-02 1.957317974633991653e-02
2.473716759431045242e-02 2.323794531586739071e-02
2.886002886002885653e-02 2.681942075881469170e-02
3.298289012574726758e-02 3.031760607518182646e-02
3.710575139146567863e-02 3.373250126496879497e-02
4.122861265718408275e-02 3.706410632817558337e-02
4.535147392290249380e-02 4.031242126480220900e-02
4.947433518862090485e-02 4.347744607484866491e-02
5.359719645433931590e-02 4.655918075831494418e-02
5.772005772005771307e-02 4.955762531520106068e-02
6.184291898577612412e-02 5.247277974550700747e-02
6.596578025149453517e-02 5.530464404923277760e-02
7.008864151721294622e-02 5.805321822637839191e-02
7.421150278293135727e-02 6.071850227694382263e-02
7.833436404864975444e-02 6.330049620092907670e-02
8.245722531436816549e-02 6.579919999833418187e-02
8.658008658008657654e-02 6.821461366915911040e-02
9.070294784580498759e-02 7.054673721340386228e-02
9.482580911152338476e-02 7.279557063106845138e-02
9.894867037724180969e-02 7.496111392215287772e-02
1.030715316429602069e-01 7.704336708665711353e-02
1.071943929086786318e-01 7.904233012458118657e-02
1.113172541743970290e-01 8.095800303592509684e-02
1.154401154401154261e-01 8.279038582068883045e-02
1.195629767058338511e-01 8.453947847887238742e-02
1.236858379715522482e-01 8.620528101047580938e-02
1.278086992372706732e-01 8.778779341549902693e-02
1.319315605029890703e-01 8.928701569394206783e-02
1.360544217687074675e-01 9.070294784580495984e-02
1.401772830344258924e-01 9.203558987108768907e-02
1.443001443001442896e-01 9.328494176979022778e-02
1.484230055658627145e-01 9.445100354191261760e-02
1.525458668315811117e-01 9.553377518745481689e-02
1.566687280972995089e-01 9.653325670641685341e-02
1.607915893630179338e-01 9.744944809879872716e-02
1.649144506287363310e-01 9.828234936460042426e-02
1.690373118944547559e-01 9.903196050382195859e-02
1.731601731601731531e-01 9.969828151646330239e-02
1.772830344258915780e-01 1.002813124025245112e-01
1.814058956916099752e-01 1.007810531620055156e-01
1.855287569573283724e-01 1.011975037949063572e-01
1.896516182230467695e-01 1.015306643012270499e-01
1.937744794887652222e-01 1.017805346809675660e-01
1.978973407544836194e-01 1.019471149341279054e-01
2.020202020202020166e-01 1.020304050607080681e-01
2.061430632859204137e-01 1.020304050607080681e-01
2.102659245516388109e-01 1.019471149341278915e-01
2.143887858173572636e-01 1.017805346809675382e-01
2.185116470830756608e-01 1.015306643012270499e-01
2.226345083487940579e-01 1.011975037949063710e-01
2.267573696145124551e-01 1.007810531620055294e-01
2.308802308802308523e-01 1.002813124025244973e-01
2.350030921459493050e-01 9.969828151646328851e-02
2.391259534116677021e-01 9.903196050382193083e-02
2.432488146773860993e-01 9.828234936460042426e-02
2.473716759431044965e-01 9.744944809879874104e-02
2.514945372088229214e-01 9.653325670641685341e-02
2.556173984745413463e-01 9.553377518745478914e-02
2.597402597402597157e-01 9.445100354191260372e-02
2.638631210059781407e-01 9.328494176979021391e-02
2.679859822716965101e-01 9.203558987108767520e-02
2.721088435374149350e-01 9.070294784580493208e-02
2.762317048031333599e-01 8.928701569394209558e-02
2.803545660688517849e-01 8.778779341549902693e-02
2.844774273345701543e-01 8.620528101047580938e-02
2.886002886002885792e-01 8.453947847887238742e-02
2.927231498660070041e-01 8.279038582068887209e-02
2.968460111317254291e-01 8.095800303592509684e-02
3.009688723974437985e-01 7.904233012458120045e-02
3.050917336631622234e-01 7.704336708665707190e-02
3.092145949288805928e-01 7.496111392215287772e-02
3.133374561945990178e-01 7.279557063106842363e-02
3.174603174603174427e-01 7.054673721340382064e-02
3.215831787260358676e-01 6.821461366915909652e-02
3.257060399917542370e-01 6.579919999833422350e-02
3.298289012574726620e-01 6.330049620092909057e-02
3.339517625231910869e-01 6.071850227694386426e-02
3.380746237889095118e-01 5.805321822637837803e-02
3.421974850546278812e-01 5.530464404923274291e-02
3.463203463203463062e-01 5.247277974550695889e-02
3.504432075860646756e-01 4.955762531520102598e-02
3.545660688517831560e-01 4.655918075831494418e-02
3.586889301175015254e-01 4.347744607484865798e-02
3.628117913832199504e-01 4.031242126480216736e-02
3.669346526489383198e-01 3.706410632817558337e-02
3.710575139146567447e-01 3.373250126496873946e-02
3.751803751803751696e-01 3.031760607518174666e-02
3.793032364460935391e-01 2.681942075881471599e-02
3.834260977118119640e-01 2.323794531586742540e-02
3.875489589775304444e-01 1.957317974633987490e-02
3.916718202432488138e-01 1.582512405023223101e-02
3.957946815089672388e-01 1.199377822754443823e-02
3.999175427746856082e-01 8.079142278276441047e-03
4.040404040404040331e-01 4.081216202428294970e-03
4.081632653061224025e-01 -5.551115123125782702e-17
