0.000000000000000000e+00 0.000000000000000000e+00
3.412736331990990496e-02 3.401322498104732139e-02
6.825472663981980992e-02 6.779817328436948953e-02
1.023820899597297218e-01 1.013548449099665322e-01
1.365094532796396198e-01 1.346832398578383938e-01
1.706368165995495179e-01 1.677833581279851161e-01
2.047641799194594436e-01 2.006551997204067128e-01
2.388915432393693417e-01 2.332987646351031286e-01
2.730189065592792397e-01 2.657140528720743911e-01
3.071462698791891377e-01 2.979010644313205280e-01
3.412736331990990357e-01 3.298597993128414840e-01
3.754009965190089337e-01 3.615902575166373700e-01
4.095283598389188873e-01 3.930924390427080195e-01
4.436557231588287853e-01 4.243663438910535435e-01
4.777830864787386833e-01 4.554119720616739420e-01
5.119104497986485258e-01 4.862293235545691594e-01
5.460378131185584794e-01 5.168183983697391959e-01
5.801651764384684329e-01 5.471791965071841624e-01
6.142925397583782754e-01 5.773117179669038368e-01
6.484199030782882289e-01 6.072159627488985523e-01
6.825472663981980714e-01 6.368919308531679757e-01
7.166746297181080250e-01 6.663396222797123292e-01
7.508019930380178675e-01 6.955590370285316126e-01
7.849293563579278210e-01 7.245501750996256041e-01
8.190567196778377745e-01 7.533130364929945255e-01
8.531840829977476170e-01 7.818476212086381549e-01
8.873114463176575706e-01 8.101539292465568254e-01
9.214388096375673021e-01 8.382319606067500928e-01
9.555661729574773666e-01 8.660817152892185122e-01
9.896935362773873202e-01 8.937031932939616397e-01
1.023820899597297052e+00 9.210963946209795861e-01
1.057948262917207005e+00 9.482613192702722404e-01
1.092075626237116959e+00 9.751979672418400469e-01
1.126202989557026912e+00 1.001906338535682783e+00
1.160330352876936866e+00 1.028386433151800006e+00
1.194457716196846597e+00 1.054638251090192158e+00
1.228585079516756551e+00 1.080661792350859240e+00
1.262712442836666504e+00 1.106457056933801475e+00
1.296839806156576458e+00 1.132024044839017973e+00
1.330967169476486189e+00 1.157362756066509402e+00
1.365094532796396143e+00 1.182473190616275982e+00
1.399221896116306096e+00 1.207355348488317492e+00
1.433349259436216050e+00 1.232009229682633711e+00
1.467476622756125781e+00 1.256434834199224415e+00
1.501603986076035735e+00 1.280632162038090716e+00
1.535731349395945911e+00 1.304601213199231502e+00
1.569858712715855642e+00 1.328341987682646774e+00
1.603986076035765374e+00 1.351854485488337199e+00
1.638113439355675549e+00 1.375138706616302553e+00
1.672240802675585503e+00 1.398194651066542837e+00
1.706368165995495234e+00 1.421022318839057608e+00
1.740495529315404966e+00 1.443621709933847308e+00
1.774622892635315141e+00 1.465992824350912382e+00
1.808750255955225095e+00 1.488135662090251721e+00
1.842877619275134604e+00 1.510050223151865989e+00
1.877004982595044780e+00 1.531736507535755187e+00
1.911132345914954733e+00 1.553194515241919538e+00
1.945259709234864687e+00 1.574424246270358374e+00
1.979387072554774640e+00 1.595425700621072140e+00
2.013514435874684150e+00 1.616198878294060837e+00
2.047641799194594103e+00 1.636743779289324241e+00
2.081769162514504501e+00 1.657060403606862575e+00
2.115896525834414010e+00 1.677148751246675618e+00
2.150023889154323964e+00 1.697008822208763590e+00
2.184151252474233917e+00 1.716640616493126492e+00
2.218278615794143871e+00 1.736044134099764324e+00
2.252405979114053824e+00 1.755219375028677309e+00
2.286533342433963334e+00 1.774166339279864335e+00
2.320660705753873732e+00 1.792885026853326735e+00
2.354788069073783685e+00 1.811375437749064066e+00
2.388915432393693195e+00 1.829637571967075660e+00
2.423042795713603148e+00 1.847671429507362628e+00
2.457170159033513102e+00 1.865477010369924304e+00
2.491297522353423055e+00 1.883054314554761133e+00
2.525424885673333009e+00 1.900403342061872447e+00
2.559552248993242962e+00 1.917524092891258469e+00
2.593679612313152916e+00 1.934416567042919644e+00
2.627806975633062869e+00 1.951080764516855748e+00
2.661934338952972379e+00 1.967516685313066116e+00
2.696061702272882332e+00 1.983724329431551858e+00
2.730189065592792286e+00 1.999703696872312086e+00
2.764316428912702239e+00 2.015454787635348133e+00
2.798443792232612193e+00 2.030977601720658221e+00
2.832571155552522146e+00 2.046272139128243239e+00
2.866698518872432100e+00 2.061338399858102743e+00
2.900825882192342053e+00 2.076176383910237622e+00
2.934953245512251563e+00 2.090786091284646986e+00
2.969080608832161516e+00 2.105167521981331724e+00
3.003207972152071470e+00 2.119320676000291392e+00
3.037335335471981868e+00 2.133245553341525103e+00
3.071462698791891821e+00 2.146942154005034187e+00
3.105590062111801331e+00 2.160410477990817757e+00
3.139717425431711284e+00 2.173650525298876701e+00
3.173844788751621238e+00 2.186662295929210131e+00
3.207972152071530747e+00 2.199445789881818492e+00
3.242099515391440701e+00 2.212001007156701338e+00
3.276226878711351098e+00 2.224327947753860002e+00
3.310354242031261052e+00 2.236426611673293152e+00
3.344481605351171005e+00 2.248296998915000788e+00
3.378608968671080515e+00 2.259939109478983355e+00
3.412736331990990468e+00 2.271352943365240407e+00
3.446863695310900422e+00 2.282538500573772833e+00
3.480991058630809931e+00 2.293495781104580189e+00
3.515118421950720329e+00 2.304224784957662475e+00
3.549245785270630282e+00 2.314725512133019247e+00
3.583373148590539792e+00 2.324997962630650949e+00
3.617500511910450189e+00 2.335042136450557582e+00
3.651627875230359699e+00 2.344858033592738700e+00
3.685755238550269208e+00 2.354445654057195192e+00
3.719882601870179606e+00 2.363804997843926614e+00
3.754009965190089559e+00 2.372936064952932078e+00
3.788137328509999957e+00 2.381838855384213360e+00
3.822264691829909466e+00 2.390513369137768684e+00
3.856392055149818976e+00 2.398959606213599383e+00
3.890519418469729374e+00 2.407177566611705011e+00
3.924646781789638883e+00 2.415167250332085125e+00
3.958774145109549281e+00 2.422928657374740169e+00
3.992901508429458790e+00 2.430461787739670143e+00
4.027028871749368300e+00 2.437766641426875047e+00
4.061156235069279141e+00 2.444843218436353993e+00
4.095283598389188207e+00 2.451691518768109201e+00
4.129410961709098160e+00 2.458311542422138007e+00
4.163538325029009002e+00 2.464703289398442632e+00
4.197665688348918067e+00 2.470866759697021742e+00
4.231793051668828021e+00 2.476801953317875338e+00
4.265920414988737974e+00 2.482508870261004752e+00
4.300047778308647928e+00 2.487987510526407320e+00
4.334175141628557881e+00 2.493237874114086594e+00
4.368302504948467835e+00 2.498259961024039022e+00
4.402429868268377788e+00 2.503053771256267712e+00
4.436557231588287742e+00 2.507619304810770444e+00
4.470684594908197695e+00 2.511956561687548550e+00
4.504811958228107649e+00 2.516065541886601586e+00
4.538939321548017602e+00 2.519946245407928664e+00
4.573066684867926668e+00 2.523598672251531116e+00
4.607194048187837510e+00 2.527022822417408054e+00
4.641321411507747463e+00 2.530218695905560367e+00
4.675448774827656528e+00 2.533186292715988053e+00
4.709576138147567370e+00 2.535925612848689337e+00
4.743703501467476435e+00 2.538436656303666439e+00
4.777830864787386389e+00 2.540719423080917139e+00
4.811958228107296343e+00 2.542773913180444101e+00
4.846085591427206296e+00 2.544600126602244661e+00
4.880212954747117138e+00 2.546198063346321039e+00
4.914340318067026203e+00 2.547567723412671459e+00
4.948467681386936157e+00 2.548709106801297697e+00
4.982595044706846110e+00 2.549622213512198421e+00
5.016722408026756064e+00 2.550307043545373631e+00
5.050849771346666017e+00 2.550763596900824215e+00
5.084977134666575971e+00 2.550991873578548397e+00
5.119104497986485924e+00 2.550991873578548841e+00
5.153231861306395878e+00 2.550763596900823327e+00
5.187359224626305831e+00 2.550307043545373631e+00
5.221486587946214897e+00 2.549622213512198421e+00
5.255613951266125738e+00 2.548709106801297697e+00
5.289741314586034804e+00 2.547567723412671903e+00
5.323868677905944757e+00 2.546198063346320595e+00
5.357996041225855599e+00 2.544600126602245105e+00
5.392123404545764664e+00 2.542773913180443213e+00
5.426250767865675506e+00 2.540719423080917139e+00
5.460378131185584571e+00 2.538436656303665107e+00
5.494505494505494525e+00 2.535925612848689337e+00
5.528632857825404479e+00 2.533186292715987609e+00
5.562760221145314432e+00 2.530218695905560367e+00
5.596887584465224386e+00 2.527022822417408499e+00
5.631014947785134339e+00 2.523598672251530672e+00
5.665142311105044293e+00 2.519946245407928664e+00
5.699269674424954246e+00 2.516065541886600698e+00
5.733397037744864200e+00 2.511956561687548106e+00
5.767524401064773265e+00 2.507619304810770888e+00
5.801651764384684107e+00 2.503053771256267268e+00
5.835779127704594060e+00 2.498259961024039910e+00
5.869906491024503126e+00 2.493237874114085706e+00
5.904033854344413967e+00 2.487987510526407320e+00
5.938161217664323033e+00 2.482508870261003864e+00
5.972288580984233874e+00 2.476801953317874894e+00
6.006415944304142940e+00 2.470866759697021742e+00
6.040543307624052893e+00 2.464703289398442188e+00
6.074670670943963735e+00 2.458311542422138452e+00
6.108798034263872800e+00 2.451691518768108313e+00
6.142925397583783642e+00 2.444843218436354437e+00
6.177052760903692707e+00 2.437766641426874159e+00
6.211180124223602661e+00 2.430461787739669699e+00
6.245307487543512615e+00 2.422928657374739281e+00
6.279434850863422568e+00 2.415167250332084681e+00
6.313562214183332522e+00 2.407177566611704567e+00
6.347689577503242475e+00 2.398959606213598938e+00
6.381816940823152429e+00 2.390513369137768684e+00
6.415944304143061494e+00 2.381838855384212472e+00
6.450071667462972336e+00 2.372936064952932078e+00
6.484199030782881401e+00 2.363804997843924838e+00
6.518326394102792243e+00 2.354445654057194304e+00
6.552453757422702196e+00 2.344858033592738700e+00
6.586581120742611262e+00 2.335042136450557138e+00
6.620708484062522103e+00 2.324997962630650505e+00
6.654835847382431169e+00 2.314725512133018803e+00
6.688963210702342010e+00 2.304224784957662031e+00
6.723090574022251076e+00 2.293495781104579301e+00
6.757217937342161029e+00 2.282538500573772389e+00
6.791345300662070983e+00 2.271352943365240407e+00
6.825472663981980936e+00 2.259939109478982466e+00
6.859600027301890890e+00 2.248296998915000344e+00
6.893727390621800843e+00 2.236426611673291376e+00
6.927854753941710797e+00 2.224327947753859114e+00
6.961982117261619862e+00 2.212001007156700894e+00
6.996109480581530704e+00 2.199445789881817603e+00
7.030236843901440658e+00 2.186662295929210131e+00
7.064364207221350611e+00 2.173650525298875813e+00
7.098491570541260565e+00 2.160410477990817313e+00
7.132618933861170518e+00 2.146942154005032855e+00
7.166746297181079584e+00 2.133245553341525103e+00
7.200873660500989537e+00 2.119320676000290504e+00
7.235001023820900379e+00 2.105167521981330836e+00
7.269128387140809444e+00 2.090786091284646986e+00
7.303255750460719398e+00 2.076176383910237178e+00
7.337383113780630239e+00 2.061338399858102299e+00
7.371510477100538417e+00 2.046272139128242351e+00
7.405637840420449258e+00 2.030977601720657333e+00
7.439765203740359212e+00 2.015454787635347245e+00
7.473892567060270054e+00 1.999703696872311198e+00
7.508019930380179119e+00 1.983724329431550970e+00
7.542147293700089072e+00 1.967516685313065672e+00
7.576274657019999914e+00 1.951080764516854416e+00
7.610402020339908091e+00 1.934416567042918977e+00
7.644529383659818933e+00 1.917524092891257581e+00
7.678656746979728887e+00 1.900403342061870227e+00
7.712784110299637952e+00 1.883054314554760467e+00
7.746911473619548794e+00 1.865477010369922972e+00
7.781038836939458747e+00 1.847671429507362184e+00
7.815166200259367812e+00 1.829637571967075438e+00
7.849293563579277766e+00 1.811375437749062733e+00
7.883420926899188608e+00 1.792885026853325847e+00
7.917548290219098561e+00 1.774166339279862115e+00
7.951675653539007627e+00 1.755219375028675977e+00
7.985803016858917580e+00 1.736044134099762992e+00
8.019930380178827534e+00 1.716640616493125826e+00
8.054057743498736599e+00 1.697008822208763590e+00
8.088185106818647441e+00 1.677148751246675396e+00
8.122312470138558282e+00 1.657060403606860355e+00
8.156439833458467348e+00 1.636743779289322909e+00
8.190567196778376413e+00 1.616198878294060393e+00
8.224694560098287255e+00 1.595425700621071030e+00
8.258821923418196320e+00 1.574424246270357486e+00
8.292949286738107162e+00 1.553194515241917983e+00
8.327076650058018004e+00 1.531736507535754299e+00
8.361204013377925293e+00 1.510050223151865545e+00
8.395331376697836134e+00 1.488135662090251721e+00
8.429458740017746976e+00 1.465992824350910162e+00
8.463586103337656041e+00 1.443621709933847086e+00
8.497713466657566883e+00 1.421022318839056275e+00
8.531840829977475948e+00 1.398194651066542171e+00
8.565968193297386790e+00 1.375138706616300333e+00
8.600095556617295856e+00 1.351854485488336088e+00
8.634222919937206697e+00 1.328341987682644998e+00
8.668350283257115763e+00 1.304601213199229726e+00
8.702477646577024828e+00 1.280632162038090271e+00
8.736605009896935670e+00 1.256434834199223083e+00
8.770732373216846511e+00 1.232009229682631712e+00
8.804859736536755577e+00 1.207355348488317048e+00
8.838987099856664642e+00 1.182473190616275538e+00
8.873114463176575484e+00 1.157362756066507181e+00
8.907241826496484549e+00 1.132024044839016419e+00
8.941369189816395391e+00 1.106457056933799699e+00
8.975496553136304456e+00 1.080661792350857908e+00
9.009623916456215298e+00 1.054638251090191048e+00
9.043751279776124363e+00 1.028386433151798229e+00
9.077878643096035205e+00 1.001906338535681229e+00
9.112006006415946047e+00 9.751979672418382705e-01
9.146133369735853336e+00 9.482613192702711302e-01
9.180260733055764177e+00 9.210963946209798081e-01
9.214388096375675019e+00 8.937031932939589751e-01
9.248515459695584084e+00 8.660817152892175130e-01
9.282642823015494926e+00 8.382319606067483164e-01
9.316770186335403992e+00 8.101539292465567144e-01
9.350897549655313057e+00 7.818476212086391541e-01
9.385024912975223899e+00 7.533130364929920830e-01
9.419152276295134740e+00 7.245501750996243828e-01
9.453279639615043806e+00 6.955590370285307245e-01
9.487407002934952871e+00 6.663396222797128843e-01
9.521534366254863713e+00 6.368919308531655332e-01
9.555661729574772778e+00 6.072159627488975531e-01
9.589789092894683620e+00 5.773117179669018384e-01
9.623916456214592685e+00 5.471791965071837183e-01
9.658043819534503527e+00 5.168183983697360873e-01
9.692171182854412592e+00 4.862293235545678272e-01
9.726298546174323434e+00 4.554119720616718325e-01
9.760425909494234276e+00 4.243663438910516561e-01
9.794553272814141565e+00 3.930924390427072979e-01
9.828680636134052406e+00 3.615902575166352051e-01
9.862807999453963248e+00 3.298597993128389305e-01
9.896935362773872313e+00 2.979010644313202505e-01
9.931062726093783155e+00 2.657140528720738359e-01
9.965190089413692220e+00 2.332987646351014632e-01
9.999317452733601286e+00 2.006551997204049087e-01
1.003344481605351213e+01 1.677833581279841724e-01
1.006757217937342297e+01 1.346832398578374779e-01
1.010169954269333203e+01 1.013548449099648252e-01
1.013582690601324110e+01 6.779817328436976709e-02
1.016995426933315194e+01 3.401322498104342174e-02
1.020408163265306101e+01 -1.776356839400250465e-15
